--- Disposition 1 ---
row=(0,1,2,3), col=(0,1,2,3)
  | 68^2(4624) 29^2( 841) 41^2(1681) 37^2(1369) |
  | 17^2( 289) 31^2( 961) 79^2(6241) 32^2(1024) |
  | 59^2(3481) 28^2( 784) 23^2( 529) 61^2(3721) |
  | 11^2( 121) 77^2(5929)  8^2(  64) 49^2(2401) |

--- Disposition 2 ---
row=(0,1,2,3), col=(3,2,1,0)
  | 37^2(1369) 41^2(1681) 29^2( 841) 68^2(4624) |
  | 32^2(1024) 79^2(6241) 31^2( 961) 17^2( 289) |
  | 61^2(3721) 23^2( 529) 28^2( 784) 59^2(3481) |
  | 49^2(2401)  8^2(  64) 77^2(5929) 11^2( 121) |

--- Disposition 3 ---
row=(0,2,1,3), col=(0,2,1,3)
  | 68^2(4624) 41^2(1681) 29^2( 841) 37^2(1369) |
  | 59^2(3481) 23^2( 529) 28^2( 784) 61^2(3721) |
  | 17^2( 289) 79^2(6241) 31^2( 961) 32^2(1024) |
  | 11^2( 121)  8^2(  64) 77^2(5929) 49^2(2401) |

--- Disposition 4 ---
row=(0,2,1,3), col=(3,1,2,0)
  | 37^2(1369) 29^2( 841) 41^2(1681) 68^2(4624) |
  | 61^2(3721) 28^2( 784) 23^2( 529) 59^2(3481) |
  | 32^2(1024) 31^2( 961) 79^2(6241) 17^2( 289) |
  | 49^2(2401) 77^2(5929)  8^2(  64) 11^2( 121) |

--- Disposition 5 ---
row=(1,0,3,2), col=(1,0,3,2)
  | 31^2( 961) 17^2( 289) 32^2(1024) 79^2(6241) |
  | 29^2( 841) 68^2(4624) 37^2(1369) 41^2(1681) |
  | 77^2(5929) 11^2( 121) 49^2(2401)  8^2(  64) |
  | 28^2( 784) 59^2(3481) 61^2(3721) 23^2( 529) |

--- Disposition 6 ---
row=(1,0,3,2), col=(2,3,0,1)
  | 79^2(6241) 32^2(1024) 17^2( 289) 31^2( 961) |
  | 41^2(1681) 37^2(1369) 68^2(4624) 29^2( 841) |
  |  8^2(  64) 49^2(2401) 11^2( 121) 77^2(5929) |
  | 23^2( 529) 61^2(3721) 59^2(3481) 28^2( 784) |

--- Disposition 7 ---
row=(1,3,0,2), col=(1,3,0,2)
  | 31^2( 961) 32^2(1024) 17^2( 289) 79^2(6241) |
  | 77^2(5929) 49^2(2401) 11^2( 121)  8^2(  64) |
  | 29^2( 841) 37^2(1369) 68^2(4624) 41^2(1681) |
  | 28^2( 784) 61^2(3721) 59^2(3481) 23^2( 529) |

--- Disposition 8 ---
row=(1,3,0,2), col=(2,0,3,1)
  | 79^2(6241) 17^2( 289) 32^2(1024) 31^2( 961) |
  |  8^2(  64) 11^2( 121) 49^2(2401) 77^2(5929) |
  | 41^2(1681) 68^2(4624) 37^2(1369) 29^2( 841) |
  | 23^2( 529) 59^2(3481) 61^2(3721) 28^2( 784) |

--- Disposition 9 ---
row=(2,0,3,1), col=(1,3,0,2)
  | 28^2( 784) 61^2(3721) 59^2(3481) 23^2( 529) |
  | 29^2( 841) 37^2(1369) 68^2(4624) 41^2(1681) |
  | 77^2(5929) 49^2(2401) 11^2( 121)  8^2(  64) |
  | 31^2( 961) 32^2(1024) 17^2( 289) 79^2(6241) |

--- Disposition 10 ---
row=(2,0,3,1), col=(2,0,3,1)
  | 23^2( 529) 59^2(3481) 61^2(3721) 28^2( 784) |
  | 41^2(1681) 68^2(4624) 37^2(1369) 29^2( 841) |
  |  8^2(  64) 11^2( 121) 49^2(2401) 77^2(5929) |
  | 79^2(6241) 17^2( 289) 32^2(1024) 31^2( 961) |

--- Disposition 11 ---
row=(2,3,0,1), col=(1,0,3,2)
  | 28^2( 784) 59^2(3481) 61^2(3721) 23^2( 529) |
  | 77^2(5929) 11^2( 121) 49^2(2401)  8^2(  64) |
  | 29^2( 841) 68^2(4624) 37^2(1369) 41^2(1681) |
  | 31^2( 961) 17^2( 289) 32^2(1024) 79^2(6241) |

--- Disposition 12 ---
row=(2,3,0,1), col=(2,3,0,1)
  | 23^2( 529) 61^2(3721) 59^2(3481) 28^2( 784) |
  |  8^2(  64) 49^2(2401) 11^2( 121) 77^2(5929) |
  | 41^2(1681) 37^2(1369) 68^2(4624) 29^2( 841) |
  | 79^2(6241) 32^2(1024) 17^2( 289) 31^2( 961) |

--- Disposition 13 ---
row=(3,1,2,0), col=(0,2,1,3)
  | 11^2( 121)  8^2(  64) 77^2(5929) 49^2(2401) |
  | 17^2( 289) 79^2(6241) 31^2( 961) 32^2(1024) |
  | 59^2(3481) 23^2( 529) 28^2( 784) 61^2(3721) |
  | 68^2(4624) 41^2(1681) 29^2( 841) 37^2(1369) |

--- Disposition 14 ---
row=(3,1,2,0), col=(3,1,2,0)
  | 49^2(2401) 77^2(5929)  8^2(  64) 11^2( 121) |
  | 32^2(1024) 31^2( 961) 79^2(6241) 17^2( 289) |
  | 61^2(3721) 28^2( 784) 23^2( 529) 59^2(3481) |
  | 37^2(1369) 29^2( 841) 41^2(1681) 68^2(4624) |

--- Disposition 15 ---
row=(3,2,1,0), col=(0,1,2,3)
  | 11^2( 121) 77^2(5929)  8^2(  64) 49^2(2401) |
  | 59^2(3481) 28^2( 784) 23^2( 529) 61^2(3721) |
  | 17^2( 289) 31^2( 961) 79^2(6241) 32^2(1024) |
  | 68^2(4624) 29^2( 841) 41^2(1681) 37^2(1369) |

--- Disposition 16 ---
row=(3,2,1,0), col=(3,2,1,0)
  | 49^2(2401)  8^2(  64) 77^2(5929) 11^2( 121) |
  | 61^2(3721) 23^2( 529) 28^2( 784) 59^2(3481) |
  | 32^2(1024) 79^2(6241) 31^2( 961) 17^2( 289) |
  | 37^2(1369) 41^2(1681) 29^2( 841) 68^2(4624) |

Total: 16 magic squares of squares found.
